2012.199	1
2013.044	1
2012.199	1
2013.044	1
2013.003	1
2012.219	1
2012.219	1
2013.025	1
2013.118	1
2013.044	1
2013.044	1
2013.044	1
2012.199	1
2011.937	1
2011.89	1
2011.89	1
2013.025	1
2013.044	1
2013.044	1
2013.044	1
2013.003	1
2012.219	1
2013.044	1
2012.519	1
2012.24	1
2013.044	1
2013.044	1
2013.044	1
2013.003	1
2013.025	1
2013.044	1
2012.219	1
2013.044	1
2013.063	1
2013.044	1
2012.519	1
2012.24	1
2011.89	1
2012.577	1
2012.519	1
2012.577	1
2012.664	1
2013.118	1
2013.104	1
2013.118	1
2012.664	1
2012.24	1
2012.219	1
2013.044	1
2013.025	1
2013.025	1
2013.044	1
2013.044	1
2013.044	1
2013.082	1
2012.519	1
2013.044	1
2013.063	1
2012.219	1
2012.664	1
2013.118	1
2012.664	1
2012.664	1
2012.156	1
2016.642	1
2016.011	1
2016.046	1
2017.414	1
2017.545	1
2017.545	1
2017.414	1
2017.792	1
2017.581	1
2017.581	1
2017.529	1
2017.529	1
2017.414	1
2017.414	1
2017.414	1
2017.414	1
2017.414	1
2017.414	1
2017.414	1
2017.414	1
2017.414	1
2017.414	1
2017.414	1
2017.414	1
2017.414	1
2017.414	1
2017.414	1
2017.414	1
2017.414	1
2017.414	1
2017.414	1
2017.414	1
2017.414	1
2017.414	1
2017.414	1
2017.414	1
2017.414	1
2017.414	1
2017.414	1
2017.414	1
2017.496	1
2017.496	1
2017.496	1
2017.833	1
2017.581	-1
2017.414	1
2017.414	1
2017.496	1
2017.496	1
2018.082	1
2017.926	1
2017.868	1
2016.148	1
2017.197	1
2017.773	1
2019.334	1
2020.32	1
2018.581	1
2018.581	1
2020.686	1
2020.344	1
2020.328	1
2019.726	1
2019.792	1
2020.32	1
2019.786	1
2017.77	1
2017.175	1
2017.986	1
2018.595	1
2017.688	1
2017.66	1
2016.314	1
2016.59	1
2016.607	1
2016.803	1
2016.915	1
2017.775	1
2016.262	1
2016.331	1
2016.331	1
2018.26	-1
2019.463	-1
2019.718	1
2021.189	-1
2020.921	-1
2020.251	1
2020.836	1
2020.59	-1
2020.459	-1
2020.631	1
2021.123	1
2020.806	1
2019.43	1
2019.43	-1
2019.43	1
2019.43	1
2019.43	1
2019.43	1
2019.43	1
2019.43	1
2019.43	1
2019.518	1
2019.43	1
2020.29	1
2019.655	1
2017.216	-1
2017.2	1
2016.549	1
2017.838	1
2016.117	1
2017.156	1
2016.631	1
2016.639	1
2016.432	1
2016.76	1
2016.721	-1
2015.932	1
