1918	1
1933.025	1
1933.414	1
1932	1
1932	1
1933	1
1933	1
1935	1
1945	1
1948	1
1943	1
1943	1
1947	1
1947	1
1954	1
1954	1
1954	1
1951	1
1951	1
1951	1
1951	1
1951	1
1957	1
1957	1
1957	1
1953	1
1954	1
1950	1
1950	1
1946	1
1939	1
1940	1
1946	1
1948	1
1942	1
1942	1
1934	1
1935	1
1946	1
1946	1
1935	1
1936	1
1934	1
1934	1
1934	1
1934	1
1993	1
1995.578	1
1996	1
1991	1
2014.871	1
2014.83	1
2014.83	1
2014.964	1
2014.964	1
2014.964	1
2014.964	1
2014.964	1
2014.964	1
2014.964	1
2014.964	1
2014.964	1
2014.964	1
2014.926	1
2014.926	1
2014.926	1
2014.926	1
2014.926	1
2014.926	1
2014.926	1
2014.926	1
2014.926	1
2014.926	1
2014.871	1
2014.871	1
2014.871	1
2014.871	1
2014.871	1
2014.871	1
2014.871	1
2014.871	1
2014.83	1
2014.83	1
2014.83	1
2014.83	1
2014.83	1
2014.83	1
2014.83	1
2014.83	1
2014.8	1
2014.8	1
2014.8	1
2014.8	1
2014.8	1
2014.8	1
2014.8	1
2014.8	1
2014.8	1
2014.8	1
2014	1
2014.871	1
1986	1
1987	1
1986	1
1987	1
1987	1
1986	1
1986	1
1989.003	1
1987	1
1986	1
1986	1
1980	1
1980	1
1981	1
1983	1
1983	1
1983	1
1982	1
1982	1
1983	1
1980	1
1978	1
1978	1
1978	1
1978	1
1977	1
1978	1
1977	1
1978	1
1978	1
1978	1
1978	1
1978	1
1977	1
1977	1
1977	1
1977	1
1978	1
1977	1
1951	1
1949	1
1949	1
1948	1
1950	1
1983	1
1983	1
1983	1
1983	1
1983	1
1983	1
1983	1
1983	1
1983	1
1983	1
1983	1
1983	1
1983	1
1983	1
1983	1
1983	1
1983	1
1983	1
1983	1
1983	1
1983	1
1983	1
1983	1
1983	1
1983	1
1983	1
1983	1
1983	1
1983	1
1983	1
1983	1
1983	1
1983	1
1983	1
1983	1
1983	1
1983	1
1983	1
1983	1
1983	1
1983	1
1983	1
1983	1
1983	1
1983	1
1982	1
1984	1
1984	1
1989.005	1
1991.551	1
1996	1
1995	1
1995.964	1
1995.942	1
1996	1
1996.019	1
1996	1
1996.003	1
1995.953	1
1995.929	1
1995.874	1
1995.907	1
1996	1
1996	1
1996	1
1996	1
1995.948	1
1995.871	1
1995.332	1
1996.003	1
1995.934	1
1995.945	1
1995.962	1
1995.918	1
1995.986	1
1995.989	1
1996.104	1
1995.953	1
1995	1
1996	1
1996	1
1996	1
1995.923	1
1996	1
1996	1
1995.975	1
1995	1
1995.986	1
1995.942	1
1995.912	1
1995.951	1
1998	1
2000	1
2000	1
2000	1
2000	1
2000	1
2000	1
2000	1
2000	1
2000	1
2000	1
2000	1
2000.279	1
2001.022	1
2000	1
2000	1
2000	1
2000	1
2000	1
2000	1
1992	1
2001.022	1
2001.584	1
2001.518	1
2001.353	1
2001.058	1
2002.926	1
2003.937	1
2003.937	1
2003.811	1
2003.723	1
2003.696	1
2003.515	1
2003.068	1
2003.973	1
2003.964	1
2003.923	1
2003.819	1
2003.789	1
2003.773	1
2003.715	1
2003	1
2003	1
2003	1
2003	1
2001	1
2002.97	1
2003.153	1
2001	1
2000	1
2000.112	1
2000	1
2000.68	1
2000.587	1
2000.828	1
2000.623	1
2000.68	1
2000.669	1
2000.639	1
2000.642	1
2000.68	1
2000.653	1
2000.626	1
2000.62	1
2000.56	1
2000.678	1
2000.549	1
2000.631	1
2000.713	1
2000.806	1
2000.56	1
2000.467	1
2000.648	1
2000.699	1
2000.705	1
2000.735	1
2000.464	1
2000.563	1
2000.721	1
2000.779	1
2000.76	1
2000.839	1
2000.855	1
2000.68	1
2000.735	1
2000.658	1
2000.639	1
2000.658	1
2000.658	1
2000.568	1
2000.464	1
2000	1
2000.743	1
2000.508	1
2000.719	1
2000.661	1
2000.664	1
2000.544	1
2000.675	1
2000.675	1
2000.541	1
2000.716	1
2000.623	1
2000.751	1
2000.642	1
2000.683	1
2001	1
2001.463	1
1999.997	1
2000	1
2000	1
2001	1
2000	1
2001.019	1
2001.019	1
2001.019	1
1999	1
1999	1
1999	1
1999	1
1999	1
1998.071	1
1998	1
1997.997	1
1997.041	1
1997.041	1
1997	1
1995	1
1996	1
1996	1
1996	1
1996	1
1996	1
1996	1
1996	1
1996	1
1996	1
1996	1
1996	1
1996	1
1996	1
1997	1
1997.86	1
1997.822	1
1997.923	1
2000.68	1
2000.617	1
2000	1
2001.019	1
2000.962	1
2001.038	1
2001.077	1
2001.101	1
2001.063	1
2001.09	1
2001.06	1
2001	1
2001.156	1
2001.592	1
2001.425	1
2001.077	1
2001.074	1
2001.066	1
2001.058	1
2001.06	1
2000	1
2000	1
2000.964	1
2001.06	1
2001.066	1
2001.466	1
2001.54	1
2001.479	1
2001.54	1
2001.622	1
2001.523	1
2001.499	1
2001.479	1
2001.537	1
2001.419	1
2001.556	1
2001.542	1
2001.43	1
2001.542	1
2001.545	1
2001.523	1
2001.622	1
2001.537	1
2001.605	1
2001.427	1
2001.523	1
2001.537	1
2001.592	1
2001.529	1
2001.512	1
2001.521	1
2001.499	1
2001.499	1
2001.504	1
2001.521	1
2001.293	1
2001.405	1
2001.389	1
2001.375	1
2001.499	1
2001.488	1
2001.679	1
2001.54	1
2001.46	1
2001.471	1
2001.425	1
2001.488	1
2001.43	1
2001.616	1
2001.521	1
2001.575	1
2001.414	1
2001.523	1
2001.49	1
2001.504	1
2001.433	1
2001.638	1
2001.501	1
2001.468	1
2002.074	1
2002.005	1
2002.011	1
2002	1
2001.556	1
2001.501	1
2001.616	1
2001.507	1
2001.54	1
2001	1
2001.405	1
2001.54	1
2001.504	1
2001.479	1
2001	1
2001.567	1
2001.548	1
2001.542	1
2001.57	1
2001.518	1
2001.507	1
2001.507	1
2001.545	1
2001.488	1
2001.115	1
2001.049	1
2001.063	1
2001.058	1
2001.068	1
2001.159	1
2001.14	1
2001.14	1
2002	1
2000	1
2001	1
2001.03	1
2001.025	1
2001.025	1
2000	1
2001	1
2000.68	1
2000	1
2000	1
2002	1
2003.06	1
2003.159	1
2003.173	1
2003.052	1
2002.984	1
2003.036	1
2003.038	1
2003.055	1
2003.058	1
2003.074	1
2003	1
2003.227	1
2003	1
2003.071	1
2003.115	1
2003.216	1
2003.036	1
2003.151	1
2003	1
2005	1
2005.603	1
2005.715	1
2005.718	1
2005.699	1
2005.679	1
2005.685	1
2005	1
2005.682	1
2005.759	1
2005	1
2005.496	1
2006.271	1
2005	1
2007.142	1
2007.118	1
2007.137	1
2007.06	1
2007.06	1
2007.077	1
2007.123	1
2007.134	1
2007.082	1
2007.123	1
2007.099	1
2007.099	1
2007.153	1
2007.115	1
2007.121	1
2007.178	1
2007.173	1
2007.096	1
2007.047	1
2007.184	1
2007.099	1
2007.145	1
2007.079	1
2006.989	1
2007.077	1
2007.178	1
2007.181	1
2007.096	1
2007.099	1
2007.156	1
2007.153	1
2007.178	1
2007.079	1
2007.137	1
2007.107	1
2007.153	1
2007.142	1
2007.118	1
2007.118	1
2007.079	1
2007.077	1
2007.077	1
2007.066	1
2007.077	1
2007.104	1
2007.082	1
2007.085	1
2007.079	1
2007.085	1
2007.153	1
2007.145	1
2007.175	1
2007.03	1
2007.153	1
2007.134	1
2007.162	1
2007.079	1
2007.121	1
2007.178	1
2007.118	1
2007.077	1
2006.962	1
2007.134	1
2007.115	1
2007.104	1
2007.14	1
2007.068	1
2007.077	1
2007.115	1
2007.079	1
2007.181	1
2007.041	1
2007.099	1
2007.088	1
2007.079	1
2007.082	1
2007.145	1
2007.118	1
2007.066	1
2007.118	1
2007.077	1
2007.041	1
2007.041	1
2007.153	1
2007.115	1
2007.159	1
2007.085	1
2007.173	1
2007.107	1
2007.077	1
2007.14	1
2007.115	1
2007.011	1
2007.008	1
2007.058	1
2007.134	1
2007.195	1
2007.134	1
2007.175	1
2007.101	1
2007.14	1
2007.088	1
2006.989	1
2007.159	1
2007.137	1
2007.153	1
2007.068	1
2007.085	1
2007.082	1
2007.079	1
2007.115	1
2007.088	1
2007.126	1
2007.118	1
2007.068	1
2007.175	1
2007.137	1
2007.14	1
2007.145	1
2007.14	1
2007.14	1
2007.137	1
2007.153	1
2007.137	1
2007.118	1
2007.137	1
2007.126	1
2007.058	1
2007.162	1
2007.115	1
2007.126	1
2007.118	1
2007.107	1
2007.077	1
2007.137	1
2007.118	1
2007.137	1
2007.121	1
2007.195	1
2007.115	1
2007.173	1
2007.06	1
2007.101	1
2007.123	1
2007.099	1
2007.118	1
2007.14	1
2007.101	1
2007.156	1
2007.099	1
2007.085	1
2007.096	1
2007.068	1
2007.164	1
2007.041	1
2007.153	1
2007.079	1
2007.192	1
2007.03	1
2007.041	1
2007.047	1
2007.058	1
2007.178	1
2007.088	1
2007.066	1
2007.134	1
2007.115	1
2007.079	1
2007.077	1
2007.079	1
2007.126	1
2007.079	1
2007.159	1
2007.134	1
2007.195	1
2007.096	1
2007.173	1
2007.063	1
2007.038	1
2007.096	1
2007.06	1
2006.962	1
2007.077	1
2007.173	1
2007.063	1
2007.06	1
2007.03	1
2006.929	1
2007.107	1
2007.104	1
2007.099	1
2007.063	1
2007.142	1
2007.079	1
2007.142	1
2007.162	1
2007.082	1
2007.115	1
2007.192	1
2007.162	1
2007.058	1
2007.077	1
2007.159	1
2007.096	1
2007.118	1
2007.066	1
2007.115	1
2007.175	1
2007.121	1
2007.178	1
2007.121	1
2007.06	1
2007.134	1
2007.115	1
2007.115	1
2007.115	1
2007.027	1
2007.137	1
2007.156	1
2007.115	1
2007.173	1
2007.181	1
2007.082	1
2007.118	1
2007.063	1
2007.079	1
2007.126	1
2007.126	1
2007.014	1
2007.156	1
2007.173	1
2007.096	1
2007.068	1
2007.162	1
2007.099	1
2007.14	1
2007.066	1
2007.079	1
2007.115	1
2007.063	1
2007.099	1
2007.099	1
2007.123	1
2007.104	1
2007.096	1
2007.096	1
2007.2	1
2007.068	1
2007.058	1
2007.181	1
2007.058	1
2007.195	1
2007.156	1
2007.126	1
2007.192	1
2007.164	1
2007.192	1
2007.173	1
2007.192	1
2007.164	1
2007.189	1
2007.156	1
2007.079	1
2006.274	1
2007.085	1
2007.058	1
2007.153	1
2007.107	1
2007.101	1
2007.096	1
2007.096	1
2007.096	1
2007.104	1
2007.101	1
2006.967	1
2007.173	1
2007.156	1
2007.077	1
2007.077	1
2007.077	1
2007.099	1
2007.142	1
2007.153	1
2007.049	1
2007.077	1
2007.137	1
2007.173	1
2007.134	1
2007.173	1
2007.123	1
2007.068	1
2007.068	1
2007.123	1
2007.121	1
2007.068	1
2007.101	1
2007.099	1
2007.058	1
2007.123	1
2007.096	1
2007.068	1
2007.121	1
2007.115	1
2007.162	1
2007.027	1
2007.162	1
2007.153	1
2007.173	1
2007.178	1
2003.729	1
2005.266	1
2005.449	1
2006.2	1
2006.321	1
2006.271	1
2006	1
2005	1
2005.033	1
2005.055	1
2003.688	1
2003.589	1
2005	1
2004	1
2010.112	1
2010.112	1
2005.6	1
2005.69	1
2005.663	1
2005.611	1
2003.03	1
2003.17	1
2008.027	1
2008.008	1
2008.481	1
2008.44	1
2008.437	1
2008.437	1
2007	1
2008.469	1
2008.478	1
2007.995	1
2008.122	1
2008.434	1
2007.981	1
2008.036	1
2007.962	1
2007.945	1
2007.849	1
2008.016	1
2008.123	1
2008.484	1
2008.497	1
2008.12	1
2008.077	1
2008.074	1
2008.94	1
2008.123	1
2008.108	1
2008.623	1
2008.88	1
2008.847	1
2008.861	1
2008.842	1
2008.833	1
2008.776	1
2008.776	1
2008.814	1
2008.828	1
2008.839	1
2008.6	1
2008.063	1
2008.016	1
2007.868	1
2008.055	1
2008.333	1
2008.041	1
2008.896	1
2008.915	1
2008.825	1
2009.033	1
2007.948	1
2008.038	1
2008.117	1
2007.997	1
2008.041	1
2008.137	1
2009.023	1
2009.088	1
2008.112	1
2008.921	1
2008.858	1
2008.801	1
2008.148	1
2008.533	1
2008.16	1
2008.342	1
2008.036	1
2007.863	1
2008.71	1
2008.022	1
2007	1
2008.437	1
2008.444	1
2008.984	1
2008.137	1
2007	1
2008.085	1
2008.538	1
2008.828	1
2008.839	1
2008.885	1
2008.866	1
2008.899	1
2008.885	1
2008.883	1
2008.861	1
2008.85	1
2008	1
2008.844	1
2008.56	1
2008.563	1
2008.555	1
2008.022	1
2008.71	1
2007.992	1
2008	1
2009.016	1
2008.989	1
2008.984	1
2009.14	1
2009	1
2009.233	1
2007	1
2009.118	1
2009.134	1
2009.323	1
2009.162	1
2009.121	1
2009.323	1
2009.323	1
2009.023	1
2007	1
2007	1
2007	1
2009.052	1
2009.036	1
2008.489	1
2009.085	1
2008.634	1
2009.414	1
2008.959	1
2008.191	1
2009.129	1
2009.014	1
2009.321	1
2009.326	1
2009	1
2009.325	1
2009.707	1
2009.321	1
2009.323	1
2009.323	1
2009.319	1
2009.319	1
2009.315	1
2009.318	1
2009.326	1
2009.323	1
2009.323	1
2009.323	1
2009.318	1
2009	1
2009.323	1
2008.934	1
2008.934	1
2009.325	1
2009.348	1
2009.348	1
2009.353	1
2009.332	1
2009.323	1
2009.318	1
2009.322	1
2009.329	1
2009.326	1
2009.323	1
2009.373	1
2009.205	1
2009	1
2009.162	1
2009.312	1
2009.162	1
2009.625	1
2009.575	1
2008	1
2009.315	1
2009.322	1
2009.323	1
2009.323	1
2009.162	1
2009	1
2007	1
2008.937	1
2007	1
2008.672	1
2009.112	1
2009.086	1
2009.462	1
2009.473	1
2009.323	1
2009.186	1
2008.842	1
2009.537	1
2009.43	1
2009.163	1
2009.041	1
2009.808	1
2009.67	1
2009.538	1
2008.975	1
2009.153	1
2009.323	1
2009.007	1
2009.527	1
2009.077	1
2008.844	1
2009.5	1
2009.499	1
2009.522	1
2009.456	1
2009.573	1
2008.877	1
2010.627	1
2010.104	1
2010.016	1
2008.861	1
2008.992	1
2009.041	1
2009.329	1
2009.323	1
2009.323	1
2009.318	1
2009.318	1
2009.337	1
2009.326	1
2009.323	1
2009.321	1
2009.323	1
2009	1
2008.943	1
2009.318	1
2009.34	1
2009.326	1
2009.323	1
2009.326	1
2009.049	1
2008.997	1
2009.033	1
2009.085	1
2008.713	1
2009.162	1
2009.126	1
2008.79	1
2009.068	1
2009.326	1
2009.036	1
2009.118	1
2009.326	1
2009.132	1
2009.352	1
2009.319	1
2009.345	1
2009.332	1
2009.323	1
2009.321	1
2009.318	1
2009.314	1
2009	1
2008.117	1
2009.086	1
2009.025	1
2009.011	1
2009.323	1
2009.323	1
2009.121	1
2009.318	1
2009.315	1
2009.321	1
2009.326	1
2009.326	1
2009.319	1
2009.319	1
2009.326	1
2009.329	1
2009.323	1
2009.323	1
2009.323	1
2009.321	1
2009.318	1
2009.118	1
2009.167	1
2009.099	1
2009.052	1
2009.318	1
2009.323	1
2009.326	1
2009.323	1
2009	1
2009	1
2009.162	1
2009.247	1
2009.163	1
2009.163	1
2009.086	1
2009.163	1
2009.137	1
2009.137	1
2009.163	1
2009.137	1
2009.438	1
2009.085	1
2009.148	1
2009.319	1
2009.548	1
2009.326	1
2009.326	1
2009.321	1
2009.323	1
2009.318	1
2009.321	1
2009.318	1
2008.653	1
2008.657	1
2008.802	1
2008.762	1
2008.6	1
2009.153	1
2009.11	1
2009.167	1
2009.145	1
2009.399	1
2009.137	1
2009.112	1
2009.156	1
2009.156	1
2009.151	1
2009.137	1
2009.112	1
2009.107	1
2009.104	1
2009.036	1
2009.142	1
2009.137	1
2009.074	1
2009.115	1
2009.363	1
2009.118	1
2009.216	1
2009.195	1
2009.186	1
2009.184	1
2009.162	1
2009.159	1
2009.323	1
2009.323	1
2009.082	1
2009.077	1
2009.077	1
2009.326	1
2009.167	1
2009.132	1
2009.14	1
2009.118	1
2009.159	1
2009.159	1
2009.167	1
2009.225	1
2009.162	1
2009.134	1
2009.184	1
2009.137	1
2009.145	1
2009.107	1
2009.195	1
2009.148	1
2009.142	1
2009.11	1
2009.162	1
2009.112	1
2009.115	1
2009.145	1
2009.134	1
2009.112	1
2009.093	1
2009.079	1
2009.077	1
2009.058	1
2009.118	1
2009.137	1
2009.222	1
2009.093	1
2009.137	1
2009.156	1
2008.146	1
2007	1
2008.486	1
2008.59	1
2008.574	1
2007	1
2006	1
2004	1
2007.395	1
2007.364	1
2007.351	1
2007.351	1
2007.395	1
2007.375	1
2008.82	1
2008.762	1
2008	1
2008	1
2008.781	1
2007.971	1
2008	1
2008	1
2007.499	1
2007.364	1
2007.556	1
2007.354	1
2007.351	1
2007.107	1
2007.088	1
2007.088	1
2007.386	1
2007.444	1
2008.016	1
2008.139	1
2008.011	1
2008.183	1
2008.954	1
2008.861	1
2008.5	1
2008.858	1
2008.536	1
2008.746	1
2008.746	1
2008.678	1
2008.648	1
2008.522	1
2008.055	1
2007.211	1
2007.058	1
2006.504	1
2006.392	1
2006	1
2004	1
2006	1
2006	1
2005.573	1
2005.605	1
2006.334	1
2005.989	1
2006.816	1
2006	1
2007.011	1
2006.759	1
2006.545	1
2006.57	1
2006.564	1
2006.584	1
2006.447	1
2006.384	1
2006.463	1
2006.033	1
2007.101	1
2007.126	1
2008.716	1
2006.008	1
2006	1
2006	1
2006.121	1
2006.493	1
2004.809	1
2001	1
2004.697	1
2005.929	1
2005.912	1
2006.921	1
2006.225	1
2006.244	1
2007.789	1
2007.767	1
2007.104	1
2007.047	1
2007.137	1
2007.14	1
2007.162	1
2007.162	1
2008.096	1
2007.863	1
2007	1
2007	1
2007	1
2007	1
2007	1
2007	1
2007	1
2007	1
2007	1
2007	1
2007	1
2007	1
2007	1
2007	1
2007	1
2007	1
2007	1
2007	1
2007	1
2007	1
2007	1
2007	1
2007	1
2007	1
2007	1
2007	1
2007	1
2007	1
2007	1
2007	1
2007	1
2008.79	1
2007.658	1
2008.138	1
2007.959	1
2007	1
2007	1
2007	1
2008.005	1
2008.116	1
2008.092	1
2008.169	1
2008.094	1
2008.137	1
2008.085	1
2008.074	1
2007.925	1
2007	1
2007.718	1
2008.022	1
2008.003	1
2008.074	1
2007.51	1
2008.066	1
2008.131	1
2007.748	1
2007.929	1
2007.923	1
2007.795	1
2007.997	1
2008.026	1
2008.027	1
2008.563	1
2008.486	1
2008.437	1
2008.434	1
2008.443	1
2008.499	1
2008.434	1
2007	1
2007	1
2007	1
2007.806	1
2007.638	1
2007.827	1
2009.023	1
2009.163	1
