2018.542	1
2018.542	1
2017.507	1
2017.507	1
2017.507	1
2017.507	1
2017.507	1
2017.507	1
2017.507	1
2017.507	1
2017.507	1
2017.507	1
2017.507	1
2017.507	1
2017.507	1
2017.507	1
2017.507	1
2017.507	1
2017.507	1
2017.507	1
2017.507	1
2017.507	1
2017.507	1
2017.507	1
2017.507	1
2017.507	1
2017.507	1
2017.507	1
2018.096	1
2018.096	1
2018.096	1
2018.096	1
2018.096	1
2018.096	1
2018.096	1
2018.096	1
2018.096	1
2018.096	1
2018.096	1
2018.096	1
2018.096	1
2018.096	1
2018.096	1
2018.096	1
2018.096	1
2018.096	1
2018.096	1
2018.096	1
2018.096	1
2018.096	1
2018.096	1
2018.096	1
2018.096	1
2018.096	1
2018.096	1
2018.096	1
2018.096	1
2018.096	1
2018.096	1
2018.096	1
2018.096	1
2018.096	1
2018.096	1
2018.096	1
2018.096	1
2018.096	1
2018.096	1
2018.096	1
2018.096	1
2018.096	1
2018.096	1
2018.096	1
2018.096	1
2018.096	1
2018.096	1
2018.096	1
2018.096	1
2007	1
2015.03	-1
2006.329	1
2007.754	1
2010.915	1
2012.735	1
2012.814	1
2012.776	1
2012.749	1
2012.831	1
2012.831	1
2012.008	1
2012.008	1
2012.008	1
2012.831	1
2011.937	1
2012.831	1
2012.008	1
2012.008	1
2012.008	1
2012.831	1
2014.866	1
2016.915	1
2017.126	1
2010.973	1
2013.079	1
2013.156	1
2013.274	1
2016.071	1
2014.46	1
2018.329	1
2017.479	1
2017.329	1
2016.956	1
2017.052	1
2016.071	1
2015.959	1
2016.109	1
2016.339	1
2016.915	1
2017.321	1
2012.814	1
2012.929	1
2015.345	1
2013.074	1
2012.964	1
2013.079	1
2012.929	1
2012.85	1
2013.079	1
2013.693	1
2013.195	1
2015.348	-1
2015.34	-1
2013.885	1
2013.655	1
2013.351	1
2013.619	1
2013.463	1
2013.23	1
2013.236	1
2013.351	1
2013.23	1
2013.23	1
2013.463	1
2013.962	1
2016.221	1
2015.282	1
2014.94	1
2015.345	1
2015.033	1
2017.299	1
2016.399	1
2016.609	1
2016.383	1
2016.552	1
2016.609	1
2016.762	1
2018.022	1
2017.167	1
2014.633	1
2014.595	1
2013.351	1
2013.236	1
2012.964	1
2013.079	1
2012.964	1
2013.195	1
2013.543	1
2013.543	1
2013.501	1
2013.463	1
2013.195	1
2013.351	1
2013.463	1
2013.389	1
2013.619	1
2011.334	1
2015.227	-1
2015.227	-1
2012.792	1
2012.792	1
2016.803	1
2017.318	1
2016.664	1
2016.342	1
2012.317	1
2010.932	1
2011.937	1
2012.831	1
2011.937	1
2016.033	-1
2013.773	1
2014.052	1
2012.511	1
2012.317	-1
2012.451	-1
2012.085	1
2012.929	1
2012.776	1
2012.107	1
2012.087	1
2012.415	1
2012.926	1
2016.798	-1
2017.564	1
2012.309	1
2013.151	1
2012.664	1
2012.664	1
2012.664	1
2012.664	1
2012.664	1
2012.664	1
2012.664	1
2012.664	1
2012.664	1
2012.907	1
2012.664	1
2012.664	1
2012.664	1
2012.664	1
2012.664	1
2012.664	1
2012.568	1
2012.664	1
2012.664	1
2012.664	1
2013.151	1
2013.137	1
2013.151	1
2013.137	1
2013.137	1
2013.151	1
2013.151	1
2013.137	1
2013.137	1
2013.137	1
2013.151	1
2013.137	1
2013.137	1
2013.137	1
2013.137	1
2013.137	1
2013.137	1
2013.137	1
2013.137	1
2012.664	1
2013.137	1
2012.664	1
2012.664	1
2013.151	1
2013.137	1
2012.369	1
2013.121	1
2013.729	1
2012.292	1
2012.183	1
2012.183	1
2010.992	1
2008.41	1
2009.137	1
2012.221	1
2009.386	1
2015.156	1
2010.159	1
2012.801	-1
2012.907	-1
2012.929	-1
2011.8	-1
2012.249	-1
2017.299	1
2016.893	1
2017.041	1
2013.545	1
2017.301	1
2017.375	1
2014.167	1
2011.915	1
2014.693	1
2016.798	1
2017.932	1
2017.326	1
2016.686	-1
2005	1
2005.417	1
2005	1
2005.526	1
2009.252	-1
2006.145	1
2009.405	-1
2006.984	1
2007.789	1
2007	1
2005.773	1
2005.764	1
2012.806	-1
2005.052	1
2006.491	1
2009.496	1
2005.381	1
2005.304	1
2005.066	1
2005.066	1
2008.459	1
2008.459	1
2013.926	1
2015.082	1
2015.082	1
2015.082	1
2015.082	1
2015.082	1
2015.082	1
2015.082	1
2015.082	1
2015.082	1
2015.082	1
2015.082	1
2015.082	1
2015.082	1
2015.082	1
2015.082	1
2015.082	1
2015.082	1
2015.082	1
2015.082	1
2015.082	1
2015.082	1
2015.082	1
2015.082	1
2015.082	1
2015.082	1
2015.082	1
2015.082	1
2015.082	1
2015.082	1
2015.082	1
2015.082	1
2015.082	1
2015.082	1
2015.082	1
2015.082	1
2015.082	1
2015.082	1
2015.082	1
2015.082	1
2015.515	1
2015.932	1
2015.932	1
2015.932	1
2015.932	1
2015.932	1
2015.932	1
2015.932	1
2015.932	1
2015.932	1
2015.932	1
2015.932	1
2015.932	1
2015.934	1
2015.932	1
2015.934	1
2015.934	1
2015.934	1
2015.934	1
2015.934	1
2015.934	1
2015.932	1
2015.932	1
2015.932	1
2015.932	1
2015.932	1
2015.932	1
2015.932	1
2015.932	1
2015.932	1
2015.932	1
2015.934	1
2014.534	1
2014.534	1
2014.534	1
2014.534	1
2014.534	1
2014.534	1
2014.534	1
2014.534	1
2014.534	1
2014.534	1
2014.534	1
2014.534	1
2014.534	1
2014.534	1
2014.534	1
2014.534	1
2014.534	1
2014.534	1
2014.534	1
2014.534	1
2014.534	1
2014.534	1
2014.534	1
2013.926	1
2013.926	1
2013.926	1
2013.926	1
2012	1
2012	1
2017.986	-1
2017.052	1
2012.309	1
2013.121	1
2013.195	1
2013.389	1
2013.619	1
2013.926	1
2013.811	1
2013.773	1
2013.693	1
2013.885	1
2013.849	1
2014.422	1
2014.173	1
2013.619	1
2015.055	-1
