2009.967	1
2010.337	1
2010.359	1
2013.83	1
2013.822	1
2013.773	-1
2014.247	1
2016.59	-1
2015.841	-1
2014.773	1
2017.011	1
2017.214	1
2015.318	1
2016.516	1
2017.743	-1
2012.915	1
2016.833	1
2015.611	-1
2015.611	-1
2015.611	-1
2015.019	-1
2015.036	-1
2014.4	-1
2014.419	-1
2016.295	1
2015.844	1
2015.915	1
2016.678	1
2015.885	1
2015.951	1
2016.669	1
2016.085	1
2016.415	1
2016.423	1
2016.423	1
2016.423	1
2016.423	1
2016.423	1
2016.423	1
2016.423	1
2016.404	1
2016.404	1
2016.415	1
2016.331	1
2016.415	1
2016.443	1
2016.423	1
2016.423	1
2016.423	1
2017.118	-1
2017.833	-1
2016.489	1
2015.808	1
2016.262	1
2016.052	1
2016.246	1
2021.132	1
2020.598	1
2017.696	-1
2017.945	-1
2017.233	1
2017.011	1
2016.227	1
2016.227	1
2016.227	1
2016.383	1
2016.227	1
2016.199	1
2016.306	1
2016.227	1
2016.227	1
2016.536	1
2016.536	1
2016.536	1
2016.536	1
2016.536	1
2016.536	1
2016.306	1
2016.227	1
2016.227	1
2016.227	1
2016.227	1
2016.227	1
2016.15	1
2016.15	1
2016.15	1
2016.15	1
2016.153	1
2016.15	1
2016.15	1
2016.15	1
2016.15	1
2016.15	1
2016.15	1
2016.15	1
2016.15	1
2016.15	1
2016.15	1
2016.15	1
2016.15	1
2016.15	1
2016.15	1
2016.15	1
2016.15	1
2016.15	1
2016.15	1
2016.15	1
2016.074	1
2017.414	1
2017.414	1
2017.414	1
2016.76	1
2016.112	1
2016.052	1
2016.795	1
2016.303	1
2016.257	1
2016.913	1
2017.06	1
2016.574	1
2017.638	1
2016.399	1
2016.219	1
2017.104	1
2016.552	1
2016.391	1
2019.312	1
2020.322	1
2019.962	1
2019.888	1
2016.497	1
2017.137	1
2016.582	1
2016.582	1
2016.497	1
2016.497	1
2016.497	1
2016.497	1
2015.951	1
2016.205	1
2015.649	1
2015.748	1
2015.877	1
2015.762	1
2016.077	1
2015.852	1
2015.852	1
2016.016	1
2015.953	1
2021.258	1
2020.675	1
2015.953	1
2015.455	1
2015.896	1
2015.805	1
2015.46	1
2016.967	1
2015.652	1
2015.337	1
2015.403	1
2015.381	1
2015.816	1
2015.332	1
2020.156	1
2020.732	1
2018.118	1
2017.858	1
2017.159	1
2017.871	1
2017.701	1
2015.838	1
2013.159	-1
2012.844	1
2012.844	1
2012.844	1
2012.844	1
2011.09	1
2012.377	1
2011.178	1
2011.51	1
2011.51	1
2012.751	1
2013.016	1
2012.852	1
2012.749	1
2012.415	1
2013.038	1
2011.351	-1
2011.356	-1
2011.356	-1
2012.691	-1
2011.6	-1
2011.663	-1
2011.663	-1
2011.778	-1
2011.526	-1
2011.526	-1
2011.836	-1
2011.838	-1
2011.737	-1
2011.737	-1
2011.806	-1
2012.883	1
2013.195	1
2011.005	-1
2010.932	-1
2010.91	-1
2010.89	-1
2010.91	-1
2010.91	-1
2011.485	1
2010.91	-1
2014.693	1
2016.224	1
2019.66	-1
2019.726	1
2018.077	1
2015.97	1
2015.57	1
2017.907	1
2016.951	-1
2017.795	-1
2017.236	-1
2017.219	-1
2016.776	1
2016.628	1
2020.71	-1
2020.667	-1
2020.97	-1
2021.241	-1
2020.765	-1
2021.241	-1
2020.844	-1
2009.271	1
2015.099	-1
2015.099	-1
2015.099	-1
2015.099	-1
2014.556	-1
2012.923	-1
2012.923	-1
2012.923	-1
2012.923	-1
2012.923	-1
2012.923	-1
2012.923	-1
2012.923	-1
2012.923	-1
2013.926	-1
2019.463	-1
2019.718	1
2020.175	1
2021.055	-1
2020.631	-1
2020.169	1
2017.603	-1
2016.511	-1
2021.23	1
2019.975	1
2020.276	1
2020.484	1
2018.005	-1
2017.775	-1
2020.445	-1
2020.522	-1
2017.625	-1
2020.951	-1
2020.402	-1
2021.167	-1
2019.852	-1
2020.268	-1
2020.402	-1
2020.284	-1
2021.03	-1
2020.402	-1
2020.167	-1
2019.899	-1
2020.689	-1
2018.496	-1
2018.496	-1
2018.581	-1
2018.496	-1
2018.496	-1
2018.581	-1
2018.496	-1
2018.496	-1
2018.496	-1
2018.496	-1
2018.496	-1
2018.496	-1
2018.496	-1
2018.496	-1
2018.496	-1
2018.496	-1
2018.581	-1
2018.581	-1
2018.581	-1
2018.496	-1
2018.414	-1
2018.496	-1
2018.496	-1
2018.496	-1
2018.496	-1
2018.496	-1
2019.249	-1
2018.414	-1
2018.581	-1
2018.581	-1
2018.496	-1
2018.496	-1
2018.581	-1
2018.581	-1
2020.454	-1
2020.713	-1
2019.825	-1
2018.496	-1
2018.496	-1
2018.496	-1
2018.496	-1
2018.496	-1
2018.882	-1
2018.414	-1
2020.361	-1
2021.241	-1
2021.047	-1
2020.842	-1
2019.545	-1
2017.178	-1
2017.586	-1
2019.31	1
2015.8	-1
2017.414	-1
2017.414	-1
2017.414	-1
2017.414	-1
2017.414	-1
2017.414	-1
2017.414	-1
2017.414	-1
2017.414	-1
2017.414	-1
2017.414	-1
2017.414	-1
2017.414	-1
2017.414	-1
2017.414	-1
2017.414	-1
2017.414	-1
2017.414	-1
2017.414	-1
2017.414	-1
2017.414	-1
2017.414	-1
2017.414	-1
2017.414	-1
2016.497	-1
2016.582	-1
2016.582	-1
2016.497	-1
2016.811	-1
2016.391	-1
2016.683	-1
2016.161	-1
2017.216	-1
2017.945	-1
2017.778	-1
2017.849	-1
2017.877	-1
